0 50 29
0 16 40
1 8 34
1 25 46
2 23 10
2 11 33
3 67 32
3 48 34
4 20 -2
4 0 -7
5 65 41
5 17 -4
6 44 -10
6 9 17
7 60 31
7 44 -6
8 35 2
8 56 7
9 35 3
9 46 21
10 50 -1
10 40 47
11 56 45
11 15 10
12 14 49
12 37 49
13 7 27
13 35 45
14 3 43
14 23 3
15 62 14
15 16 27
16 48 17
16 37 25
17 51 41
17 67 27
18 58 23
18 30 1
19 59 23
19 73 4
20 48 31
20 47 11
21 40 -6
21 60 26
22 50 31
22 65 -2
23 46 42
23 73 26
24 58 -8
24 54 48
25 25 24
25 14 -4
26 70 41
26 60 -1
27 26 -6
27 6 28
28 66 22
28 36 14
29 24 17
29 40 -1
30 26 34
30 25 39
31 77 42
31 58 8
32 76 -3
32 5 37
33 42 26
33 77 -6
34 70 29
34 26 -4
35 40 3
35 23 45
36 44 29
36 9 19
37 30 19
37 64 20
38 30 31
38 43 26
39 32 -10
39 57 -4
40 50 41
40 39 34
41 40 12
41 63 23
42 28 47
42 51 0
43 30 -3
43 60 47
44 49 -9
44 26 -7
45 51 -3
45 68 41
46 48 33
46 69 -10
47 10 32
47 49 3
48 5 0
48 50 10
49 25 12
49 53 38
50 65 21
50 49 37
51 72 -2
51 51 14
52 20 -2
52 69 -7
53 34 24
53 24 22
54 18 8
54 8 38
55 10 7
55 63 43
56 63 34
56 49 11
57 69 3
57 18 4
58 43 49
58 4 -6
59 42 15
59 7 5
60 72 3
60 11 -3
61 75 -6
61 3 -7
62 27 44
62 32 15
63 76 40
63 43 40
64 56 13
64 20 -10
65 42 47
65 32 4
66 47 5
66 55 46
67 35 43
67 0 46
68 48 37
68 46 -2
69 18 12
69 0 15
70 6 29
70 69 -7
71 65 29
71 56 38
72 42 31
72 11 31
73 58 36
73 2 42
74 52 32
74 6 23
75 76 -7
75 22 -2
76 79 27
76 23 45
77 29 31
77 17 -1
78 19 21
78 73 -4
79 73 16
79 6 36
80 13 48
80 62 42
