0 17 17
0 60 -4
1 32 8
1 80 -8
2 20 1
2 12 27
3 71 46
3 15 36
4 52 29
4 73 17
5 74 29
5 12 28
6 46 15
6 76 22
7 46 22
7 20 13
8 28 -8
8 64 1
9 5 13
9 47 -6
10 16 -1
10 52 17
11 48 31
11 35 31
12 32 40
12 47 1
13 76 42
13 31 49
14 15 43
14 46 16
15 50 32
15 4 7
16 21 14
16 72 32
17 59 43
17 31 13
18 73 8
18 31 24
19 28 34
19 60 34
20 59 -2
20 22 30
21 73 12
21 41 -4
22 73 2
22 41 29
23 35 31
23 7 -6
24 6 -9
24 28 8
25 56 -2
25 31 -6
26 54 33
26 16 31
27 49 29
27 44 -5
28 44 -8
28 78 17
29 78 33
29 43 30
30 56 12
30 31 -8
31 65 0
31 4 8
32 63 2
32 26 19
33 0 16
33 41 26
34 61 14
34 28 40
35 76 27
35 80 -7
36 45 41
36 31 8
37 23 -9
37 49 13
38 1 -9
38 36 41
39 75 14
39 58 26
40 65 42
40 47 25
41 6 37
41 37 25
42 47 24
42 66 30
43 27 -10
43 21 10
44 18 36
44 30 42
45 9 33
45 50 43
46 14 22
46 73 36
47 78 1
47 73 37
48 77 40
48 72 27
49 15 27
49 21 5
50 59 37
50 13 32
51 38 -6
51 65 41
52 10 8
52 46 18
53 61 1
53 58 49
54 1 28
54 56 0
55 5 6
55 54 40
56 45 12
56 18 28
57 16 48
57 22 -9
58 62 -1
58 3 -10
59 28 28
59 27 14
60 33 -5
60 44 31
61 27 29
61 70 22
62 46 -7
62 37 5
63 34 41
63 39 -5
64 45 32
64 63 41
65 68 7
65 70 28
66 60 39
66 62 42
67 73 44
67 42 16
68 8 11
68 66 15
69 13 -10
69 53 36
70 5 -5
70 31 31
71 12 -2
71 3 10
72 1 48
72 52 -7
73 74 28
73 34 -9
74 19 13
74 63 -9
75 66 -2
75 51 23
76 37 2
76 24 36
77 27 18
77 49 -4
78 79 35
78 12 17
79 57 49
79 62 28
80 50 46
80 55 7
