0 301 -4
0 308 42
0 88 40
1 716 44
1 557 29
1 56 41
2 677 11
2 711 -2
2 641 30
3 402 30
3 702 -4
3 134 -1
4 689 -7
4 28 16
4 589 23
5 374 5
5 37 22
5 102 30
6 1 46
6 519 38
6 144 36
7 663 -2
7 255 8
7 170 33
8 675 17
8 367 46
8 642 31
9 512 -10
9 417 17
9 344 28
10 287 13
10 6 18
10 103 8
11 486 17
11 485 16
11 27 27
12 597 27
12 569 37
12 187 -3
13 375 -5
13 517 20
13 458 47
14 478 18
14 680 20
14 246 7
15 191 41
15 8 41
15 396 -7
16 426 39
16 8 -8
16 592 34
17 174 -1
17 602 49
17 104 41
18 291 31
18 439 9
18 621 24
19 644 47
19 4 33
19 349 12
20 72 20
20 411 34
20 40 12
21 502 9
21 621 43
21 499 25
22 373 41
22 668 24
22 184 10
23 11 38
23 413 12
23 530 39
24 106 29
24 186 36
24 434 18
25 668 31
25 386 23
25 180 1
26 609 16
26 448 39
26 276 15
27 618 8
27 686 46
27 676 24
28 491 6
28 186 -8
28 603 19
29 409 -5
29 50 30
29 684 -8
30 104 -9
30 57 25
30 124 -8
31 152 -3
31 266 25
31 567 34
32 327 35
32 303 24
32 388 4
33 144 -6
33 566 28
33 550 37
34 421 44
34 175 28
34 427 18
35 520 43
35 230 21
35 681 39
36 476 26
36 102 24
36 19 5
37 587 -9
37 373 35
37 678 49
38 502 37
38 646 40
38 354 44
39 252 39
39 602 39
39 248 -8
40 254 8
40 697 17
40 709 28
41 525 43
41 444 25
41 148 8
42 567 35
42 617 18
42 310 -2
43 433 1
43 529 43
43 223 0
44 98 11
44 380 44
44 354 36
45 428 9
45 303 6
45 506 45
46 232 39
46 661 -6
46 127 2
47 102 19
47 574 2
47 316 17
48 252 5
48 639 41
48 113 45
49 689 17
49 718 15
49 629 12
50 395 42
50 77 5
50 161 26
51 323 32
51 588 38
51 329 19
52 186 29
52 635 45
52 180 11
53 547 5
53 459 17
53 539 3
54 320 13
54 358 26
54 458 41
55 382 3
55 137 3
55 362 33
56 574 -7
56 194 -8
56 446 12
57 482 31
57 399 28
57 268 37
58 258 44
58 596 44
58 13 10
59 381 40
59 659 17
59 525 -2
60 640 7
60 557 30
60 48 40
61 116 -3
61 282 -9
61 467 11
62 389 12
62 149 47
62 392 48
63 376 28
63 437 28
63 409 44
64 232 34
64 727 28
64 720 -6
65 46 49
65 83 40
65 355 4
66 590 -4
66 207 -3
66 161 0
67 622 -7
67 471 39
67 202 46
68 361 -4
68 171 49
68 552 18
69 317 -3
69 86 -2
69 704 19
70 297 10
70 353 22
70 360 5
71 458 14
71 242 19
71 430 39
72 195 38
72 162 15
72 668 26
73 501 18
73 82 18
73 161 42
74 374 15
74 622 37
74 498 5
75 87 -1
75 380 18
75 401 47
76 715 -1
76 352 39
76 494 9
77 510 7
77 645 -5
77 491 -1
78 704 17
78 504 7
78 557 3
79 475 8
79 726 -8
79 581 19
80 115 34
80 142 22
80 4 -7
81 148 4
81 72 -7
81 547 36
82 358 6
82 490 39
82 36 41
83 661 -3
83 338 26
83 603 24
84 344 18
84 355 28
84 235 10
85 45 -2
85 14 9
85 202 -6
86 265 37
86 58 39
86 255 12
87 270 45
87 662 35
87 33 2
88 416 44
88 104 14
88 38 12
89 276 33
89 220 8
89 616 37
90 37 44
90 116 17
90 271 44
91 608 29
91 232 35
91 121 49
92 94 -1
92 300 8
92 46 27
93 389 21
93 280 32
93 221 19
94 386 28
94 27 43
94 716 35
95 548 46
95 650 40
95 5 46
96 717 18
96 177 12
96 545 25
97 627 40
97 358 20
97 621 6
98 180 3
98 189 30
98 62 33
99 158 -3
99 622 35
99 658 -7
100 649 47
100 98 23
100 523 37
101 678 41
101 722 37
101 460 30
102 311 47
102 136 -2
102 387 24
103 286 44
103 356 34
103 239 45
104 325 27
104 275 -2
104 484 18
105 682 -6
105 31 39
105 256 23
106 665 29
106 208 8
106 361 28
107 98 8
107 691 30
107 489 17
108 288 12
108 409 29
108 618 46
109 673 37
109 311 -2
109 410 28
110 577 30
110 44 2
110 126 24
111 268 24
111 679 9
111 35 40
112 24 45
112 614 49
112 267 26
113 510 16
113 204 45
113 686 3
114 198 -1
114 507 5
114 168 11
115 213 37
115 91 38
115 531 29
116 404 -8
116 661 -2
116 54 19
117 561 4
117 503 26
117 3 2
118 312 38
118 339 37
118 293 41
119 710 24
119 192 0
119 478 22
120 333 31
120 129 0
120 433 -9
121 301 15
121 548 23
121 520 -4
122 55 41
122 417 24
122 449 -1
123 455 14
123 487 46
123 599 -10
124 480 13
124 539 41
124 89 25
125 381 33
125 375 3
125 383 48
126 127 38
126 114 -9
126 136 0
127 704 10
127 334 18
127 378 40
128 554 -5
128 78 -8
128 636 22
129 277 35
129 138 48
129 445 24
130 62 33
130 526 -5
130 41 34
131 69 -6
131 518 1
131 491 32
132 668 32
132 424 13
132 445 16
133 486 35
133 678 19
133 632 -1
134 585 25
134 600 17
134 486 28
135 455 18
135 353 9
135 84 26
136 494 40
136 471 4
136 129 20
137 499 25
137 152 42
137 151 -8
138 726 11
138 184 3
138 21 -9
139 406 29
139 31 5
139 495 -10
140 284 7
140 381 2
140 675 -1
141 466 -4
141 77 -6
141 189 -8
142 295 33
142 304 -9
142 555 27
143 77 -10
143 118 46
143 613 32
144 34 48
144 418 25
144 504 21
145 235 21
145 152 27
145 337 23
146 239 35
146 34 26
146 463 36
147 72 1
147 279 -3
147 189 -6
148 147 31
148 167 14
148 382 32
149 466 45
149 549 40
149 316 27
150 725 -1
150 34 5
150 363 -2
151 510 13
151 178 -3
151 723 40
152 345 41
152 631 42
152 490 27
153 543 43
153 40 46
153 87 40
154 51 -2
154 262 42
154 705 40
155 25 20
155 688 26
155 385 46
156 668 35
156 165 25
156 325 31
157 37 25
157 608 36
157 468 16
158 690 48
158 683 8
158 559 9
159 341 9
159 167 19
159 88 13
160 270 23
160 485 36
160 217 -1
161 596 48
161 33 -6
161 97 1
162 600 25
162 358 -9
162 505 26
163 354 14
163 155 37
163 330 27
164 60 40
164 343 19
164 215 -4
165 58 6
165 632 20
165 3 29
166 467 8
166 491 8
166 153 13
167 599 4
167 366 33
167 673 23
168 24 27
168 566 42
168 278 24
169 2 48
169 657 -6
169 537 37
170 160 13
170 218 23
170 383 35
171 95 -2
171 156 23
171 554 2
172 647 19
172 75 22
172 190 47
173 627 43
173 0 30
173 218 35
174 15 42
174 149 35
174 206 -6
175 200 16
175 444 36
175 546 26
176 411 42
176 390 -9
176 666 18
177 472 3
177 520 34
177 140 33
178 391 7
178 530 -10
178 651 -4
179 180 33
179 260 6
179 425 29
180 319 18
180 369 16
180 532 32
181 220 -7
181 263 -10
181 82 42
182 214 30
182 592 0
182 349 -10
183 516 -1
183 305 29
183 620 0
184 121 36
184 166 6
184 263 24
185 443 34
185 298 5
185 398 20
186 508 34
186 564 17
186 570 -1
187 14 23
187 559 28
187 100 -3
188 516 30
188 11 29
188 50 17
189 680 15
189 154 20
189 578 19
190 636 32
190 396 34
190 240 19
191 178 35
191 710 21
191 285 13
192 445 25
192 290 14
192 376 36
193 560 22
193 179 29
193 417 32
194 89 17
194 84 28
194 417 28
195 168 26
195 706 -9
195 63 27
196 93 47
196 661 46
196 85 15
197 396 45
197 398 43
197 187 9
198 705 30
198 485 -2
198 421 18
199 167 28
199 615 -1
199 139 9
200 171 -3
200 274 -8
200 511 22
201 564 45
201 44 35
201 197 37
202 695 -2
202 351 5
202 378 28
203 43 20
203 319 3
203 291 32
204 381 40
204 102 2
204 357 28
205 272 19
205 53 7
205 701 42
206 111 3
206 637 -4
206 21 17
207 691 32
207 374 41
207 715 10
208 0 30
208 404 45
208 110 -9
209 366 43
209 272 -4
209 316 5
210 531 -4
210 149 35
210 327 6
211 545 -7
211 505 5
211 133 -9
212 522 4
212 427 -9
212 79 42
213 254 19
213 177 20
213 378 20
214 449 37
214 27 36
214 147 9
215 198 24
215 375 48
215 550 -1
216 369 44
216 387 17
216 705 45
217 23 45
217 428 49
217 627 46
218 241 30
218 306 17
218 206 4
219 556 -5
219 452 15
219 438 39
220 629 0
220 618 38
220 59 37
221 457 -1
221 124 29
221 98 40
222 659 31
222 203 20
222 646 2
223 350 25
223 41 41
223 411 12
224 681 33
224 94 13
224 169 46
225 232 42
225 725 48
225 280 23
226 687 4
226 696 24
226 106 29
227 304 44
227 522 1
227 232 38
228 467 -8
228 135 -10
228 320 4
229 496 37
229 580 13
229 355 -8
230 586 22
230 618 4
230 9 35
231 100 8
231 652 2
231 295 30
232 673 31
232 194 3
232 652 1
233 53 10
233 480 11
233 544 -4
234 669 34
234 146 30
234 177 10
235 542 25
235 705 25
235 275 25
236 83 -1
236 287 16
236 11 32
237 126 -3
237 560 2
237 438 6
238 153 27
238 725 47
238 385 26
239 703 36
239 152 17
239 62 13
240 318 13
240 606 17
240 463 26
241 457 -10
241 205 19
241 342 4
242 483 44
242 719 49
242 535 9
243 270 19
243 523 23
243 53 49
244 452 47
244 491 33
244 227 29
245 605 32
245 232 46
245 522 -9
246 3 4
246 619 -10
246 200 33
247 521 46
247 349 -2
247 76 34
248 473 35
248 407 -1
248 201 39
249 85 -5
249 126 34
249 461 20
250 531 17
250 577 26
250 47 13
251 386 22
251 232 39
251 346 28
252 348 20
252 464 12
252 644 9
253 177 -3
253 695 0
253 351 45
254 110 7
254 324 41
254 527 -7
255 37 11
255 180 21
255 169 38
256 381 44
256 105 -9
256 597 42
257 530 31
257 27 5
257 247 24
258 577 46
258 583 23
258 703 6
259 429 -1
259 546 -7
259 355 29
260 519 22
260 331 32
260 680 -3
261 12 2
261 514 7
261 685 18
262 640 39
262 348 22
262 244 15
263 709 22
263 481 40
263 72 -3
264 379 44
264 366 25
264 568 3
265 119 47
265 659 0
265 157 30
266 482 41
266 393 42
266 485 29
267 649 2
267 573 -6
267 618 -7
268 702 17
268 269 -7
268 324 14
269 171 37
269 0 2
269 109 32
270 84 17
270 580 -6
270 524 45
271 449 30
271 340 43
271 440 28
272 82 -4
272 642 40
272 723 20
273 266 46
273 124 42
273 190 -2
274 187 21
274 520 6
274 323 8
275 269 5
275 568 44
275 86 -9
276 169 40
276 616 12
276 393 44
277 301 -1
277 300 39
277 511 4
278 72 25
278 702 27
278 628 2
279 210 -1
279 265 29
279 325 -5
280 394 11
280 656 4
280 697 7
281 194 30
281 130 46
281 726 36
282 163 -5
282 426 38
282 703 -8
283 418 42
283 194 48
283 238 25
284 27 49
284 494 1
284 577 34
285 410 28
285 427 13
285 714 48
286 610 36
286 455 46
286 231 -6
287 66 -9
287 165 -2
287 583 8
288 554 20
288 213 2
288 39 0
289 51 25
289 689 40
289 449 8
290 309 10
290 553 35
290 149 14
291 36 11
291 228 26
291 212 24
292 70 48
292 638 25
292 409 19
293 74 45
293 331 27
293 86 2
294 715 30
294 470 33
294 415 1
295 99 18
295 436 11
295 396 23
296 351 13
296 234 32
296 13 -3
297 622 36
297 304 20
297 680 35
298 661 19
298 340 14
298 237 36
299 43 -6
299 444 -7
299 455 21
300 415 8
300 504 23
300 647 9
301 408 10
301 520 33
301 685 42
302 570 -6
302 200 44
302 333 15
303 260 18
303 438 11
303 313 14
304 499 7
304 292 2
304 26 7
305 263 -1
305 465 10
305 11 28
306 286 2
306 170 -5
306 162 30
307 245 38
307 703 26
307 219 47
308 309 8
308 380 42
308 374 35
309 221 5
309 635 14
309 522 -1
310 645 34
310 724 20
310 365 13
311 89 43
311 546 9
311 562 16
312 267 16
312 160 27
312 334 10
313 333 28
313 407 32
313 60 5
314 31 33
314 137 42
314 188 5
315 622 26
315 230 0
315 320 -9
316 665 17
316 226 30
316 88 16
317 116 30
317 390 -6
317 423 25
318 500 3
318 38 4
318 95 -6
319 712 -8
319 87 33
319 700 43
320 182 42
320 689 14
320 12 37
321 287 44
321 480 13
321 112 22
322 150 33
322 122 34
322 106 25
323 506 -1
323 439 29
323 127 36
324 322 33
324 308 39
324 150 26
325 204 25
325 203 2
325 296 23
326 151 0
326 248 45
326 406 -9
327 373 -2
327 168 33
327 252 3
328 472 42
328 82 44
328 505 15
329 507 41
329 603 46
329 669 12
330 216 30
330 428 43
330 593 -5
331 677 5
331 466 9
331 392 24
332 332 -8
332 384 7
332 696 16
333 19 14
333 383 35
333 490 24
334 710 33
334 195 37
334 473 41
335 178 25
335 667 23
335 77 12
336 255 9
336 358 38
336 433 27
337 21 48
337 172 -8
337 450 -10
338 487 3
338 233 1
338 212 45
339 356 -6
339 724 1
339 234 21
340 221 21
340 337 21
340 85 12
341 609 6
341 304 21
341 254 32
342 646 44
342 464 43
342 590 24
343 355 15
343 141 42
343 88 -2
344 356 -10
344 700 16
344 607 37
345 53 30
345 159 47
345 669 15
346 357 26
346 411 20
346 420 7
347 29 23
347 628 13
347 705 36
348 86 -8
348 87 40
348 643 25
349 76 18
349 505 20
349 557 45
350 73 48
350 376 20
350 621 48
351 169 28
351 112 -2
351 623 26
352 302 -5
352 281 0
352 287 30
353 295 33
353 100 36
353 569 31
354 452 47
354 530 -6
354 372 43
355 629 41
355 684 23
355 312 45
356 505 14
356 227 33
356 551 6
357 40 37
357 407 8
357 354 19
358 651 38
358 86 17
358 633 -10
359 10 26
359 598 49
359 165 20
360 423 17
360 362 36
360 14 36
361 267 21
361 192 44
361 250 12
362 349 33
362 215 45
362 480 4
363 526 27
363 216 1
363 39 13
364 257 42
364 472 11
364 314 -6
365 452 45
365 416 18
365 138 12
366 401 5
366 489 21
366 83 -5
367 579 14
367 24 26
367 351 22
368 293 -7
368 552 39
368 55 32
369 688 26
369 476 15
369 578 42
370 676 -7
370 518 1
370 133 -6
371 542 18
371 192 -8
371 337 38
372 604 17
372 303 40
372 484 16
373 224 37
373 367 44
373 392 21
374 167 24
374 218 38
374 636 27
375 609 2
375 235 -1
375 56 40
376 107 10
376 178 -6
376 312 25
377 467 46
377 15 13
377 173 39
378 105 -2
378 177 22
378 518 34
379 211 6
379 212 17
379 299 11
380 100 9
380 328 27
380 112 48
381 60 49
381 167 1
381 43 10
382 614 35
382 648 -4
382 246 4
383 416 31
383 570 -8
383 395 5
384 584 21
384 377 38
384 237 14
385 255 7
385 446 7
385 429 19
386 360 24
386 635 19
386 160 21
387 609 24
387 607 37
387 491 0
388 332 1
388 6 44
388 300 43
389 174 -5
389 428 -8
389 8 -9
390 676 43
390 712 8
390 356 1
391 352 13
391 688 13
391 268 38
392 690 -4
392 366 3
392 192 13
393 173 29
393 61 12
393 310 -5
394 295 39
394 109 41
394 661 -8
395 613 47
395 161 37
395 673 34
396 722 27
396 472 49
396 467 6
397 203 -7
397 194 27
397 196 44
398 382 25
398 444 33
398 700 40
399 712 -9
399 480 13
399 635 49
400 463 -1
400 260 37
400 631 11
401 443 24
401 271 -8
401 643 0
402 180 18
402 67 -7
402 48 28
403 458 15
403 392 43
403 433 1
404 624 20
404 73 29
404 441 23
405 569 28
405 491 44
405 138 44
406 37 8
406 166 18
406 670 41
407 190 47
407 700 28
407 55 3
408 193 30
408 256 31
408 554 1
409 571 22
409 418 3
409 373 -6
410 150 31
410 27 23
410 698 35
411 185 37
411 361 32
411 558 35
412 694 11
412 104 21
412 371 41
413 204 30
413 593 -4
413 360 37
414 128 35
414 398 46
414 689 35
415 155 22
415 695 23
415 426 -1
416 331 -8
416 544 -4
416 327 -6
417 715 13
417 597 35
417 123 0
418 111 25
418 390 -1
418 506 5
419 284 49
419 220 9
419 25 -1
420 611 34
420 351 16
420 638 9
421 103 23
421 116 -8
421 101 32
422 508 7
422 302 49
422 654 -1
423 190 15
423 495 33
423 333 -5
424 670 9
424 479 29
424 136 47
425 133 28
425 105 34
425 643 12
426 383 24
426 154 18
426 75 43
427 139 22
427 401 30
427 285 40
428 439 24
428 451 44
428 300 22
429 318 21
429 388 16
429 139 12
430 299 1
430 512 20
430 579 4
431 187 -8
431 722 8
431 59 8
432 250 31
432 685 35
432 624 45
433 11 42
433 272 46
433 530 14
434 147 33
434 473 2
434 445 26
435 126 40
435 59 47
435 66 22
436 542 26
436 531 9
436 649 45
437 593 -4
437 709 14
437 515 28
438 722 1
438 127 30
438 500 -7
439 257 44
439 318 13
439 37 20
440 189 36
440 45 46
440 614 22
441 454 -3
441 717 -4
441 514 4
442 273 1
442 188 26
442 82 45
443 66 28
443 627 49
443 388 20
444 33 31
444 393 19
444 20 -9
445 278 18
445 450 35
445 436 31
446 632 32
446 261 11
446 389 47
447 636 -10
447 89 11
447 30 -2
448 669 -10
448 710 11
448 659 4
449 395 6
449 719 18
449 448 17
450 308 22
450 114 36
450 621 9
451 589 5
451 626 25
451 98 48
452 325 4
452 144 47
452 253 -10
453 417 35
453 286 21
453 407 -5
454 227 15
454 379 -6
454 681 1
455 148 26
455 193 30
455 576 0
456 77 49
456 8 -7
456 520 24
457 259 38
457 691 45
457 428 37
458 118 -8
458 77 7
458 477 0
459 116 45
459 674 2
459 347 45
460 398 -1
460 234 -6
460 665 -9
461 371 37
461 483 34
461 307 3
462 29 -6
462 397 33
462 722 26
463 410 33
463 192 15
463 394 9
464 225 29
464 167 16
464 176 30
465 9 -2
465 482 30
465 397 42
466 448 -6
466 435 49
466 332 44
467 107 29
467 673 39
467 180 10
468 133 -9
468 507 48
468 100 18
469 35 46
469 561 49
469 728 1
470 597 13
470 479 14
470 399 2
471 559 24
471 661 16
471 271 -7
472 621 29
472 724 1
472 91 37
473 597 41
473 177 7
473 698 41
474 15 32
474 200 18
474 261 17
475 621 6
475 454 32
475 436 13
476 274 18
476 27 6
476 532 24
477 591 8
477 91 14
477 675 0
478 592 31
478 201 17
478 581 36
479 347 4
479 407 18
479 380 4
480 218 26
480 240 9
480 19 36
481 493 41
481 165 21
481 410 27
482 315 30
482 397 -4
482 332 41
483 45 21
483 409 -5
483 210 13
484 274 -3
484 389 21
484 585 40
485 546 27
485 530 8
485 95 19
486 586 21
486 284 20
486 59 26
487 512 37
487 560 33
487 626 41
488 677 -8
488 494 27
488 257 7
489 131 45
489 304 7
489 417 29
490 152 32
490 418 -9
490 497 32
491 78 18
491 104 27
491 652 0
492 606 10
492 710 16
492 655 19
493 509 47
493 393 0
493 150 18
494 417 11
494 682 11
494 193 18
495 135 -5
495 468 32
495 194 42
496 79 0
496 197 19
496 459 23
497 728 29
497 201 23
497 39 39
498 284 22
498 483 41
498 133 41
499 171 21
499 11 0
499 141 -9
500 123 1
500 92 38
500 271 8
501 550 28
501 625 17
501 574 6
502 192 26
502 125 38
502 85 14
503 562 31
503 157 0
503 6 -7
504 485 44
504 369 38
504 640 13
505 182 8
505 209 3
505 221 10
506 54 33
506 453 39
506 502 19
507 713 -3
507 325 37
507 390 19
508 703 8
508 81 11
508 548 22
509 471 -7
509 509 16
509 673 42
510 561 16
510 39 24
510 496 26
511 569 35
511 605 46
511 81 47
512 194 22
512 235 41
512 719 47
513 634 28
513 244 48
513 159 26
514 574 20
514 107 14
514 655 40
515 395 37
515 509 22
515 157 6
516 233 33
516 569 27
516 95 35
517 85 25
517 116 0
517 333 38
518 71 30
518 446 1
518 473 12
519 286 38
519 374 35
519 536 29
520 577 39
520 420 0
520 63 31
521 727 41
521 58 -1
521 494 -6
522 632 35
522 141 9
522 617 0
523 125 41
523 295 12
523 621 -4
524 172 36
524 63 41
524 383 35
525 212 17
525 587 8
525 288 0
526 551 29
526 233 38
526 540 41
527 7 34
527 251 5
527 401 36
528 516 28
528 301 14
528 679 1
529 247 14
529 241 33
529 666 -2
530 605 33
530 256 14
530 202 23
531 381 17
531 683 49
531 554 28
532 722 47
532 337 40
532 195 13
533 37 25
533 27 49
533 208 14
534 83 -5
534 347 -3
534 53 -7
535 467 28
535 611 32
535 81 2
536 327 -5
536 469 3
536 196 -7
537 400 45
537 309 48
537 643 -8
538 547 -6
538 160 18
538 19 41
539 36 8
539 578 36
539 238 8
540 372 42
540 140 38
540 265 18
541 306 22
541 341 33
541 433 2
542 578 47
542 421 4
542 395 27
543 199 26
543 228 -10
543 169 -3
544 568 2
544 89 -2
544 155 37
545 442 -5
545 436 23
545 474 29
546 460 26
546 570 -3
546 286 21
547 268 31
547 699 25
547 284 2
548 547 47
548 578 9
548 641 28
549 673 7
549 220 4
549 54 14
550 20 15
550 502 24
550 140 37
551 181 34
551 196 19
551 264 35
552 132 41
552 86 17
552 480 1
553 329 11
553 208 35
553 352 37
554 182 37
554 553 20
554 353 28
555 141 7
555 525 26
555 685 -7
556 392 12
556 91 8
556 196 48
557 151 32
557 287 -2
557 613 -8
558 442 39
558 483 25
558 137 28
559 672 36
559 622 47
559 244 3
560 523 31
560 60 18
560 408 -8
561 267 42
561 8 25
561 295 2
562 618 -4
562 224 33
562 28 45
563 512 44
563 499 39
563 399 24
564 399 -7
564 9 48
564 199 5
565 627 0
565 10 6
565 149 17
566 417 9
566 59 3
566 533 26
567 524 37
567 688 42
567 666 46
568 8 -6
568 317 5
568 672 10
569 616 10
569 376 37
569 476 46
570 76 -2
570 150 49
570 527 26
571 156 19
571 126 18
571 249 24
572 362 5
572 534 10
572 31 -6
573 666 45
573 584 10
573 699 25
574 91 3
574 238 38
574 389 38
575 201 29
575 529 32
575 202 2
576 347 -10
576 222 7
576 410 -2
577 315 9
577 279 24
577 468 19
578 302 -2
578 166 0
578 134 32
579 533 38
579 644 46
579 579 40
580 231 0
580 614 16
580 216 34
581 6 6
581 137 -9
581 140 45
582 525 27
582 490 35
582 547 34
583 128 8
583 79 1
583 587 -5
584 153 2
584 536 0
584 414 27
585 58 1
585 630 -1
585 616 -4
586 553 29
586 267 22
586 38 7
587 94 43
587 296 44
587 298 -4
588 173 -5
588 431 7
588 696 47
589 458 48
589 159 -3
589 356 14
590 240 -5
590 36 20
590 334 -1
591 226 38
591 606 24
591 252 6
592 397 28
592 655 -4
592 119 25
593 16 18
593 558 -6
593 497 7
594 415 42
594 518 -9
594 600 41
595 446 -4
595 562 25
595 254 29
596 545 37
596 93 -9
596 142 48
597 458 15
597 44 38
597 633 8
598 717 45
598 623 22
598 276 36
599 446 10
599 723 -5
599 282 45
600 685 48
600 215 25
600 569 29
601 140 8
601 469 12
601 42 26
602 681 9
602 496 33
602 494 33
603 651 48
603 727 23
603 136 -8
604 568 31
604 683 17
604 35 41
605 47 31
605 72 13
605 276 8
606 645 0
606 298 22
606 527 31
607 723 29
607 613 18
607 294 36
608 573 49
608 221 -10
608 170 13
609 216 -9
609 171 41
609 268 41
610 307 -4
610 723 26
610 149 45
611 134 21
611 366 -2
611 205 34
612 15 42
612 533 -9
612 456 22
613 497 -1
613 606 22
613 456 -5
614 684 46
614 668 23
614 626 0
615 296 6
615 106 48
615 4 12
616 203 36
616 324 7
616 516 25
617 727 27
617 528 26
617 353 10
618 476 31
618 222 36
618 304 38
619 580 30
619 13 34
619 502 47
620 669 -6
620 702 5
620 466 40
621 45 20
621 459 7
621 326 4
622 415 29
622 93 0
622 83 41
623 726 46
623 75 48
623 571 8
624 544 -1
624 1 -9
624 260 -1
625 603 40
625 402 11
625 57 -5
626 215 0
626 687 3
626 530 6
627 452 18
627 112 4
627 379 43
628 92 43
628 141 0
628 726 6
629 454 14
629 637 16
629 46 1
630 278 37
630 46 1
630 78 8
631 606 29
631 127 21
631 445 45
632 607 11
632 151 18
632 338 30
633 239 21
633 672 49
633 659 31
634 448 33
634 17 38
634 160 38
635 481 13
635 328 45
635 608 33
636 571 46
636 274 7
636 394 12
637 680 5
637 179 41
637 286 45
638 469 36
638 264 42
638 225 49
639 642 17
639 175 34
639 722 33
640 252 40
640 264 -2
640 162 40
641 432 10
641 110 38
641 259 8
642 502 -6
642 41 -8
642 580 24
643 102 2
643 634 4
643 522 46
644 453 -3
644 479 -1
644 131 29
645 593 22
645 253 17
645 385 27
646 286 32
646 53 -7
646 228 39
647 142 31
647 688 45
647 298 3
648 615 28
648 142 8
648 257 32
649 557 38
649 532 -7
649 401 -7
650 566 29
650 45 38
650 620 -6
651 212 31
651 499 25
651 211 -4
652 660 11
652 74 -7
652 482 -6
653 512 45
653 204 30
653 61 44
654 240 32
654 118 38
654 24 39
655 477 -1
655 292 45
655 428 3
656 9 16
656 416 40
656 622 20
657 393 40
657 66 0
657 46 31
658 168 28
658 320 21
658 450 -4
659 239 -6
659 496 40
659 254 17
660 650 41
660 19 17
660 341 21
661 453 21
661 549 -7
661 164 31
662 228 13
662 567 24
662 291 40
663 410 -6
663 431 11
663 131 22
664 639 12
664 410 43
664 704 -9
665 26 18
665 85 37
665 703 12
666 176 6
666 24 26
666 435 5
667 479 49
667 601 33
667 432 23
668 454 -10
668 179 27
668 609 22
669 540 38
669 175 34
669 179 -5
670 596 3
670 452 -6
670 562 46
671 653 28
671 69 22
671 450 49
672 706 13
672 439 28
672 541 29
673 83 40
673 593 41
673 4 13
674 129 9
674 631 10
674 663 41
675 489 -6
675 284 1
675 9 37
676 386 19
676 292 33
676 575 8
677 508 49
677 199 21
677 134 19
678 490 27
678 240 30
678 254 22
679 550 42
679 238 39
679 333 32
680 355 -1
680 576 2
680 544 -9
681 200 29
681 347 17
681 527 0
682 719 38
682 547 14
682 231 19
683 132 17
683 97 9
683 278 44
684 11 45
684 45 26
684 657 15
685 415 46
685 720 41
685 155 46
686 623 -9
686 459 6
686 71 27
687 552 22
687 188 26
687 302 25
688 230 42
688 23 19
688 399 34
689 416 42
689 3 32
689 109 1
690 310 38
690 305 32
690 604 47
691 146 32
691 431 41
691 330 35
692 212 23
692 42 14
692 59 20
693 348 14
693 650 -7
693 601 23
694 175 -2
694 255 18
694 667 9
695 657 2
695 240 46
695 270 -4
696 608 3
696 491 -9
696 538 13
697 204 35
697 260 26
697 607 14
698 610 27
698 648 5
698 53 4
699 226 30
699 328 -7
699 243 -4
700 546 -9
700 622 8
700 692 -7
701 696 40
701 171 3
701 153 13
702 716 40
702 582 17
702 0 43
703 691 2
703 596 9
703 548 -5
704 212 10
704 651 42
704 229 9
705 209 34
705 669 38
705 146 -2
706 383 31
706 619 -5
706 487 7
707 30 11
707 669 29
707 624 24
708 245 9
708 674 17
708 158 6
709 238 13
709 282 -5
709 461 2
710 643 -6
710 99 39
710 174 20
711 576 16
711 471 43
711 444 0
712 403 -7
712 384 -8
712 436 17
713 241 43
713 444 46
713 666 -2
714 316 -9
714 94 26
714 9 4
715 579 -4
715 481 47
715 290 46
716 498 -3
716 668 -7
716 725 -5
717 476 2
717 657 38
717 364 36
718 505 35
718 382 24
718 148 40
719 215 25
719 6 15
719 627 26
720 288 -4
720 551 40
720 565 49
721 715 28
721 509 13
721 245 -9
722 80 24
722 18 27
722 348 45
723 295 5
723 45 17
723 532 11
724 66 13
724 347 20
724 193 28
725 321 8
725 182 5
725 635 11
726 464 28
726 272 32
726 268 19
727 715 28
727 481 -7
727 498 13
728 685 18
728 124 42
728 624 47
