0 137 7
0 133 32
0 59 22
1 119 47
1 162 35
1 151 16
2 194 34
2 240 2
2 152 44
3 143 45
3 122 19
3 109 43
4 228 0
4 61 2
4 177 46
5 151 -8
5 155 -8
5 135 22
6 108 -7
6 242 -3
6 146 -7
7 41 29
7 80 8
7 158 14
8 103 3
8 164 -1
8 120 20
9 195 16
9 1 10
9 91 -3
10 201 33
10 216 28
10 158 20
11 178 34
11 232 17
11 88 -4
12 219 39
12 110 -4
12 211 35
13 9 15
13 227 -6
13 40 2
14 28 25
14 150 24
14 167 33
15 222 30
15 72 38
15 91 49
16 187 2
16 41 13
16 44 24
17 47 47
17 46 12
17 73 -3
18 48 -8
18 187 35
18 214 -10
19 109 15
19 194 17
19 120 34
20 57 23
20 224 43
20 208 -7
21 119 27
21 181 35
21 62 44
22 192 1
22 134 -7
22 126 37
23 171 -9
23 177 23
23 222 42
24 193 8
24 95 18
24 12 29
25 0 36
25 183 3
25 37 -7
26 162 -9
26 84 31
26 193 16
27 238 28
27 71 18
27 212 -6
28 24 -2
28 34 45
28 75 12
29 197 -8
29 58 43
29 62 6
30 50 3
30 205 42
30 215 40
31 148 -8
31 42 1
31 86 16
32 44 43
32 151 22
32 221 21
33 177 49
33 235 42
33 204 -2
34 90 7
34 41 48
34 180 32
35 7 28
35 197 34
35 198 -3
36 174 12
36 157 44
36 216 -9
37 187 16
37 1 3
37 101 -1
38 223 20
38 59 35
38 220 2
39 7 36
39 55 23
39 195 41
40 80 22
40 241 42
40 157 3
41 197 12
41 89 -8
41 136 13
42 29 9
42 218 2
42 228 -3
43 206 43
43 108 3
43 154 23
44 151 15
44 4 41
44 33 6
45 70 30
45 136 47
45 147 37
46 102 39
46 179 -2
46 125 -9
47 1 34
47 81 44
47 112 36
48 12 27
48 165 48
48 121 32
49 64 39
49 157 25
49 205 17
50 181 11
50 3 18
50 152 14
51 93 -9
51 70 25
51 214 15
52 226 12
52 129 -10
52 236 41
53 106 31
53 80 26
53 121 23
54 9 12
54 227 41
54 234 26
55 141 -6
55 98 8
55 121 -6
56 212 8
56 189 45
56 142 2
57 67 23
57 212 5
57 73 33
58 210 3
58 46 16
58 216 24
59 6 49
59 14 27
59 62 0
60 28 3
60 120 47
60 19 10
61 67 20
61 119 14
61 224 26
62 70 18
62 97 47
62 133 40
63 193 38
63 144 42
63 77 46
64 65 46
64 174 -3
64 188 18
65 6 -8
65 110 41
65 33 -10
66 51 39
66 193 36
66 160 7
67 189 45
67 204 4
67 121 -9
68 18 -9
68 86 32
68 99 0
69 72 0
69 181 -2
69 14 21
70 87 38
70 38 43
70 32 -9
71 44 39
71 60 24
71 84 22
72 161 42
72 226 46
72 25 -1
73 135 38
73 217 -6
73 211 39
74 94 22
74 163 17
74 68 46
75 238 33
75 144 6
75 32 1
76 145 19
76 86 3
76 116 31
77 230 30
77 238 4
77 124 4
78 218 19
78 130 24
78 81 10
79 41 7
79 53 45
79 179 38
80 158 31
80 65 36
80 15 33
81 208 10
81 10 19
81 5 40
82 150 22
82 146 24
82 188 28
83 169 35
83 210 -1
83 102 37
84 5 16
84 10 20
84 65 -6
85 59 48
85 123 26
85 17 12
86 232 41
86 82 4
86 70 -7
87 241 0
87 16 3
87 73 37
88 157 -5
88 63 -2
88 52 23
89 43 27
89 25 17
89 184 10
90 13 6
90 168 42
90 137 42
91 19 37
91 242 28
91 150 25
92 144 1
92 237 3
92 10 4
93 61 14
93 193 6
93 218 12
94 176 2
94 12 26
94 86 11
95 162 48
95 54 43
95 84 47
96 161 2
96 68 11
96 129 7
97 53 -5
97 25 32
97 205 30
98 199 -10
98 119 26
98 227 7
99 147 34
99 212 44
99 201 26
100 74 37
100 36 22
100 167 13
101 241 -4
101 100 -9
101 167 5
102 41 3
102 45 41
102 185 -8
103 117 -7
103 233 -5
103 137 47
104 139 42
104 99 14
104 100 29
105 200 46
105 68 -10
105 149 -8
106 159 15
106 231 26
106 48 14
107 82 27
107 196 -10
107 25 13
108 67 9
108 200 41
108 75 1
109 137 18
109 241 15
109 89 15
110 93 24
110 213 10
110 95 47
111 123 15
111 147 36
111 20 -1
112 50 -5
112 77 18
112 152 9
113 19 26
113 34 6
113 200 16
114 241 3
114 26 21
114 64 -10
115 140 36
115 26 48
115 89 44
116 126 3
116 73 18
116 75 14
117 185 40
117 94 15
117 175 34
118 22 -6
118 182 40
118 154 11
119 115 -5
119 100 1
119 83 44
120 55 8
120 37 10
120 44 6
121 50 0
121 81 -7
121 121 47
122 196 16
122 221 0
122 117 18
123 169 4
123 227 6
123 72 39
124 199 27
124 193 -10
124 63 7
125 231 41
125 125 32
125 62 45
126 119 -5
126 200 -6
126 68 13
127 156 20
127 104 -2
127 236 -6
128 1 44
128 100 35
128 45 -4
129 102 30
129 128 39
129 203 6
130 121 42
130 36 48
130 130 3
131 16 2
131 48 1
131 232 25
132 179 7
132 165 37
132 223 45
133 205 5
133 25 -7
133 219 -2
134 216 11
134 232 12
134 80 31
135 215 12
135 105 30
135 64 18
136 128 38
136 192 34
136 118 39
137 135 6
137 84 -7
137 221 35
138 89 6
138 51 9
138 12 42
139 60 14
139 35 42
139 147 37
140 47 17
140 185 15
140 154 38
141 42 9
141 234 32
141 48 41
142 11 34
142 8 -3
142 20 23
143 138 21
143 53 -6
143 74 -7
144 99 -2
144 61 39
144 123 6
145 240 44
145 29 7
145 171 18
146 71 10
146 127 38
146 125 -6
147 201 23
147 25 20
147 230 33
148 115 17
148 223 22
148 88 43
149 160 -3
149 123 -4
149 67 22
150 192 12
150 208 34
150 112 11
151 107 25
151 92 27
151 135 18
152 203 1
152 2 -4
152 9 3
153 62 14
153 171 16
153 32 22
154 208 38
154 53 45
154 76 -2
155 147 -10
155 232 22
155 94 -10
156 57 43
156 143 -1
156 4 22
157 222 29
157 54 14
157 234 -5
158 97 20
158 81 9
158 151 5
159 70 22
159 218 18
159 79 30
160 111 24
160 100 45
160 29 29
161 36 4
161 27 -4
161 167 39
162 119 17
162 158 15
162 155 -5
163 201 12
163 213 21
163 233 13
164 176 27
164 90 38
164 207 -7
165 180 11
165 57 39
165 190 6
166 136 0
166 30 35
166 100 6
167 41 22
167 58 9
167 54 29
168 169 30
168 156 -7
168 80 47
169 77 8
169 39 12
169 67 47
170 57 5
170 151 35
170 141 6
171 173 10
171 5 32
171 153 -3
172 174 12
172 127 41
172 143 19
173 7 30
173 134 10
173 139 35
174 5 -10
174 132 34
174 68 37
175 202 33
175 72 22
175 98 -4
176 94 -5
176 162 -1
176 167 30
177 179 43
177 183 24
177 64 -4
178 64 34
178 237 19
178 52 38
179 148 10
179 117 49
179 90 46
180 53 27
180 139 -2
180 225 17
181 156 -8
181 159 34
181 24 29
182 48 4
182 177 49
182 183 43
183 133 43
183 211 26
183 174 33
184 36 35
184 37 14
184 149 33
185 201 43
185 15 13
185 146 19
186 109 35
186 140 10
186 141 11
187 182 -6
187 23 49
187 10 13
188 26 14
188 105 6
188 110 3
189 63 28
189 217 42
189 109 14
190 56 47
190 179 10
190 175 26
191 151 43
191 165 4
191 26 21
192 173 24
192 3 20
192 111 48
193 216 32
193 59 -4
193 64 17
194 147 -8
194 93 -4
194 242 34
195 9 -10
195 165 47
195 171 35
196 34 30
196 148 29
196 237 -6
197 220 41
197 152 43
197 139 -1
198 218 24
198 63 0
198 151 40
199 162 41
199 108 48
199 160 32
200 14 38
200 181 48
200 202 8
201 28 2
201 70 46
201 204 4
202 52 41
202 104 2
202 225 35
203 94 12
203 135 27
203 228 34
204 178 13
204 133 48
204 152 9
205 104 27
205 169 19
205 162 6
206 25 -7
206 33 17
206 43 28
207 208 5
207 198 27
207 222 -4
208 61 19
208 170 32
208 26 12
209 117 47
209 24 17
209 22 21
210 79 37
210 200 34
210 137 -7
211 45 49
211 103 28
211 175 44
212 204 44
212 117 18
212 176 35
213 93 34
213 66 11
213 7 39
214 184 16
214 54 -6
214 64 27
215 186 9
215 61 19
215 182 23
216 84 31
216 235 14
216 66 43
217 143 26
217 84 38
217 201 38
218 102 -6
218 153 48
218 167 19
219 44 24
219 57 41
219 70 49
220 199 14
220 78 13
220 159 45
221 219 6
221 185 21
221 231 45
222 156 -8
222 64 7
222 192 5
223 69 11
223 222 39
223 59 9
224 55 47
224 59 46
224 198 -4
225 140 3
225 91 1
225 191 43
226 75 -7
226 182 33
226 135 22
227 89 -4
227 16 36
227 6 9
228 74 -2
228 127 9
228 179 25
229 140 45
229 160 32
229 141 -6
230 71 -10
230 187 49
230 140 8
231 115 -2
231 125 1
231 133 12
232 124 30
232 175 32
232 149 -3
233 232 33
233 13 3
233 121 -2
234 236 17
234 190 26
234 188 26
235 203 7
235 242 41
235 82 -1
236 26 47
236 237 25
236 27 -6
237 80 13
237 104 34
237 195 25
238 213 23
238 220 2
238 55 0
239 106 9
239 52 40
239 190 41
240 96 16
240 230 -8
240 191 8
241 126 3
241 162 7
241 41 42
242 114 40
242 221 25
242 38 16
