0 165 39
0 238 47
1 125 -5
1 12 24
2 209 25
2 146 24
3 68 37
3 94 42
4 29 48
4 14 15
5 83 11
5 0 9
6 51 36
6 119 -7
7 216 13
7 138 16
8 171 24
8 142 26
9 188 44
9 137 38
10 194 46
10 187 1
11 153 20
11 204 39
12 177 31
12 150 13
13 213 48
13 129 5
14 145 30
14 155 47
15 136 6
15 123 2
16 212 0
16 36 33
17 168 23
17 151 49
18 242 25
18 124 21
19 11 39
19 216 23
20 62 -10
20 226 39
21 24 -3
21 207 12
22 185 -7
22 79 -10
23 18 12
23 1 3
24 139 34
24 86 16
25 27 39
25 95 9
26 227 25
26 137 42
27 142 4
27 78 4
28 152 29
28 159 35
29 121 20
29 42 15
30 114 49
30 5 -6
31 22 13
31 226 39
32 139 19
32 95 45
33 126 -4
33 209 15
34 182 49
34 55 -9
35 113 -3
35 86 10
36 229 -9
36 228 36
37 188 36
37 182 26
38 10 -7
38 134 31
39 69 33
39 80 10
40 123 44
40 229 45
41 209 24
41 228 31
42 74 49
42 103 46
43 146 19
43 40 33
44 11 9
44 122 3
45 3 -1
45 130 8
46 206 22
46 84 -10
47 28 7
47 133 -10
48 186 -6
48 222 38
49 50 13
49 108 36
50 212 44
50 130 28
51 60 26
51 156 32
52 231 24
52 35 10
53 208 36
53 180 46
54 195 -4
54 28 -9
55 229 16
55 49 28
56 48 9
56 184 28
57 231 -1
57 154 0
58 102 -6
58 95 35
59 186 39
59 168 14
60 121 28
60 20 7
61 44 3
61 150 -9
62 237 10
62 238 21
63 13 24
63 100 -2
64 96 -1
64 73 3
65 12 5
65 144 41
66 81 24
66 224 34
67 6 37
67 154 -6
68 25 21
68 145 16
69 5 30
69 237 15
70 18 10
70 199 -4
71 219 25
71 172 1
72 149 -8
72 67 23
73 149 27
73 203 22
74 156 24
74 233 9
75 12 29
75 49 37
76 205 4
76 214 19
77 136 35
77 5 33
78 112 7
78 103 28
79 21 45
79 52 35
80 131 9
80 0 44
81 170 6
81 187 -8
82 51 4
82 132 -9
83 34 22
83 92 17
84 205 -9
84 99 -1
85 179 11
85 92 -1
86 87 19
86 76 12
87 134 31
87 111 12
88 50 49
88 37 11
89 110 2
89 200 43
90 170 15
90 171 7
91 116 0
91 114 9
92 102 -9
92 109 8
93 80 -9
93 134 40
94 186 27
94 133 30
95 237 18
95 225 31
96 158 34
96 220 23
97 95 12
97 193 1
98 67 -6
98 93 9
99 106 -6
99 111 19
100 18 37
100 34 29
101 198 15
101 53 41
102 80 -6
102 14 3
103 124 14
103 140 19
104 223 15
104 52 23
105 221 22
105 146 1
106 153 17
106 195 8
107 139 21
107 164 47
108 32 7
108 8 -10
109 96 -2
109 44 27
110 4 44
110 185 42
111 88 19
111 138 14
112 193 0
112 59 22
113 81 32
113 107 35
114 114 -7
114 126 45
115 110 28
115 52 5
116 188 49
116 100 3
117 46 40
117 113 29
118 3 9
118 40 49
119 242 21
119 206 -6
120 133 41
120 167 14
121 144 32
121 166 7
122 210 27
122 105 29
123 212 23
123 32 0
124 82 27
124 222 11
125 107 28
125 3 2
126 132 44
126 197 3
127 190 27
127 63 3
128 60 22
128 183 39
129 9 36
129 234 -2
130 0 41
130 163 12
131 99 36
131 23 45
132 87 40
132 199 36
133 49 28
133 191 28
134 180 19
134 96 33
135 122 34
135 72 26
136 215 18
136 194 46
137 102 42
137 138 32
138 232 36
138 123 21
139 9 27
139 105 39
140 66 25
140 139 16
141 227 33
141 96 12
142 156 3
142 188 1
143 81 22
143 28 -10
144 84 5
144 112 44
145 189 16
145 96 33
146 150 12
146 10 -1
147 47 -3
147 32 15
148 14 36
148 197 19
149 130 -3
149 201 1
150 126 47
150 202 42
151 128 21
151 62 15
152 178 -6
152 147 -8
153 10 0
153 162 2
154 233 41
154 103 22
155 85 38
155 50 -7
156 188 -1
156 210 -1
157 127 42
157 115 5
158 13 -4
158 25 47
159 242 1
159 205 -7
160 193 -2
160 202 49
161 10 -10
161 53 27
162 168 31
162 101 34
163 191 14
163 81 20
164 160 -2
164 145 44
165 62 38
165 138 39
166 135 0
166 108 41
167 159 31
167 46 29
168 124 10
168 154 35
169 228 44
169 110 34
170 194 12
170 89 38
171 1 -3
171 77 9
172 78 30
172 218 31
173 121 12
173 197 -6
174 187 49
174 169 -6
175 66 30
175 241 2
176 88 -7
176 58 1
177 107 46
177 130 31
178 53 24
178 100 34
179 17 37
179 237 23
180 90 -6
180 132 29
181 122 32
181 134 10
182 95 -1
182 18 1
183 70 -6
183 161 33
184 157 27
184 204 -9
185 187 29
185 240 0
186 43 42
186 235 24
187 60 42
187 45 40
188 46 17
188 92 39
189 97 5
189 51 24
190 49 26
190 194 43
191 131 16
191 199 44
192 7 29
192 197 31
193 58 -3
193 8 16
194 209 -7
194 112 40
195 176 -6
195 75 17
196 210 2
196 159 -5
197 81 20
197 43 28
198 26 18
198 132 -5
199 207 45
199 120 11
200 199 12
200 24 29
201 154 38
201 77 46
202 78 35
202 68 3
203 69 16
203 101 6
204 59 42
204 105 -8
205 213 13
205 76 3
206 185 46
206 177 34
207 241 16
207 219 26
208 40 39
208 54 14
209 178 32
209 141 49
210 0 46
210 141 17
211 104 11
211 146 25
212 102 -10
212 25 26
213 58 -4
213 10 13
214 46 -9
214 213 5
215 185 24
215 4 4
216 204 40
216 25 32
217 172 -7
217 21 43
218 224 10
218 118 34
219 186 -2
219 169 21
220 103 4
220 198 -5
221 130 35
221 202 40
222 66 23
222 154 11
223 150 48
223 175 43
224 238 29
224 6 25
225 199 10
225 177 20
226 102 -10
226 133 19
227 221 9
227 66 33
228 91 9
228 132 49
229 218 3
229 61 7
230 209 -3
230 216 3
231 214 22
231 58 46
232 107 35
232 3 15
233 172 8
233 162 0
234 38 16
234 45 45
235 196 -1
235 141 45
236 98 41
236 65 5
237 163 10
237 242 20
238 152 23
238 169 24
239 71 43
239 242 -6
240 207 1
240 117 -1
241 156 29
241 155 38
242 213 28
242 210 47
