0 674 -9
0 29 41
0 623 30
0 547 23
1 409 5
1 469 48
1 174 39
1 701 13
2 362 32
2 586 39
2 642 -9
2 86 -3
3 75 -4
3 709 12
3 543 21
3 103 0
4 523 41
4 374 22
4 193 36
4 280 4
5 579 30
5 103 35
5 223 23
5 278 -2
6 511 -2
6 725 40
6 562 -1
6 171 27
7 87 22
7 236 43
7 599 33
7 444 9
8 63 31
8 588 9
8 525 34
8 267 47
9 474 -9
9 357 -3
9 227 22
9 598 20
10 117 30
10 260 -8
10 83 -7
10 444 23
11 127 37
11 380 -5
11 31 31
11 152 41
12 721 44
12 26 -4
12 554 3
12 39 44
13 592 19
13 250 9
13 472 41
13 214 28
14 391 23
14 244 9
14 292 21
14 126 12
15 111 15
15 34 39
15 186 -2
15 27 34
16 576 29
16 710 38
16 606 -4
16 695 38
17 270 -6
17 9 32
17 445 41
17 711 9
18 651 40
18 19 28
18 22 24
18 10 -5
19 255 39
19 642 2
19 44 10
19 331 5
20 646 -8
20 306 7
20 448 34
20 650 39
21 374 17
21 442 14
21 143 1
21 559 32
22 272 1
22 710 8
22 428 12
22 142 17
23 92 7
23 110 23
23 536 22
23 416 8
24 248 45
24 274 2
24 158 47
24 46 11
25 235 14
25 100 37
25 325 37
25 619 35
26 172 10
26 324 -1
26 482 34
26 440 6
27 191 21
27 630 33
27 138 -9
27 224 16
28 433 11
28 199 29
28 277 9
28 300 46
29 632 21
29 602 39
29 265 32
29 447 12
30 170 37
30 406 0
30 310 9
30 202 49
31 38 45
31 439 43
31 9 20
31 335 22
32 149 36
32 33 48
32 263 39
32 421 11
33 23 13
33 287 38
33 547 12
33 502 15
34 662 13
34 488 39
34 279 -8
34 294 36
35 312 9
35 104 9
35 647 -3
35 306 32
36 164 5
36 488 20
36 327 41
36 498 19
37 299 19
37 486 20
37 407 -1
37 126 41
38 467 4
38 520 24
38 292 21
38 225 42
39 590 31
39 561 17
39 617 -10
39 722 36
40 267 47
40 20 40
40 66 7
40 188 -10
41 183 9
41 278 46
41 658 49
41 415 13
42 341 19
42 381 -1
42 369 48
42 526 11
43 199 -7
43 488 48
43 58 40
43 276 11
44 723 49
44 664 42
44 650 26
44 169 12
45 333 15
45 129 17
45 36 9
45 576 24
46 61 8
46 612 25
46 642 -6
46 570 -5
47 402 18
47 683 39
47 681 40
47 144 42
48 90 24
48 10 34
48 446 34
48 692 37
49 431 11
49 439 29
49 309 -3
49 109 30
50 611 43
50 230 2
50 629 -7
50 21 29
51 24 -9
51 416 6
51 664 35
51 341 21
52 320 44
52 683 45
52 122 2
52 112 7
53 634 34
53 309 26
53 655 12
53 583 34
54 344 20
54 404 46
54 513 14
54 347 35
55 594 18
55 620 30
55 619 26
55 202 6
56 176 1
56 78 27
56 29 49
56 490 -1
57 131 -7
57 689 9
57 506 25
57 582 16
58 228 41
58 380 37
58 222 7
58 534 16
59 5 18
59 266 -9
59 677 18
59 639 27
60 621 1
60 238 3
60 586 -8
60 356 -10
61 255 32
61 484 19
61 59 9
61 233 6
62 517 35
62 183 0
62 504 15
62 281 15
63 560 6
63 663 46
63 244 6
63 629 -3
64 37 5
64 628 10
64 431 5
64 76 24
65 687 5
65 230 -2
65 117 22
65 574 2
66 718 18
66 126 -5
66 163 49
66 134 34
67 225 20
67 626 23
67 681 30
67 401 -6
68 132 26
68 206 21
68 21 49
68 476 33
69 495 34
69 666 18
69 414 24
69 297 42
70 363 1
70 725 29
70 579 23
70 475 -8
71 633 31
71 634 -2
71 93 32
71 27 17
72 446 12
72 322 18
72 200 -7
72 39 47
73 230 1
73 552 42
73 340 0
73 122 23
74 463 49
74 518 -3
74 601 -5
74 70 29
75 522 7
75 639 -1
75 616 40
75 146 42
76 545 27
76 342 -9
76 12 26
76 3 14
77 466 17
77 306 39
77 405 20
77 610 2
78 596 40
78 430 47
78 197 49
78 444 25
79 114 27
79 72 0
79 400 46
79 511 25
80 18 6
80 567 2
80 346 4
80 717 43
81 340 11
81 556 -8
81 44 -3
81 703 14
82 360 31
82 139 33
82 449 -7
82 43 16
83 379 47
83 25 47
83 170 6
83 712 22
84 662 1
84 47 0
84 292 48
84 185 43
85 471 25
85 675 9
85 541 -9
85 644 16
86 106 7
86 251 0
86 641 19
86 71 22
87 126 16
87 340 15
87 308 21
87 184 8
88 653 -4
88 222 5
88 56 1
88 624 20
89 569 9
89 480 43
89 424 32
89 142 7
90 291 0
90 143 26
90 636 -1
90 601 20
91 102 17
91 451 0
91 559 21
91 96 20
92 530 35
92 685 9
92 503 26
92 396 26
93 307 30
93 150 9
93 414 9
93 183 17
94 441 -7
94 630 43
94 173 17
94 657 47
95 13 10
95 565 -6
95 355 25
95 666 9
96 434 47
96 613 17
96 515 -2
96 306 5
97 688 46
97 186 14
97 132 14
97 607 4
98 321 32
98 279 8
98 727 48
98 26 48
99 696 35
99 196 3
99 424 -10
99 671 1
100 521 35
100 290 41
100 585 3
100 702 30
101 300 5
101 1 -9
101 314 39
101 177 10
102 42 -3
102 29 48
102 377 -2
102 532 25
103 461 8
103 257 -3
103 152 45
103 660 -2
104 469 21
104 117 37
104 530 34
104 623 26
105 614 22
105 64 26
105 546 -5
105 455 11
106 448 34
106 296 27
106 596 33
106 24 -7
107 405 19
107 370 -6
107 581 48
107 15 27
108 435 36
108 43 -9
108 228 26
108 451 12
109 553 48
109 580 48
109 594 18
109 402 -3
110 388 26
110 673 27
110 198 20
110 333 25
111 644 18
111 116 35
111 357 36
111 535 39
112 640 28
112 285 5
112 34 29
112 11 39
113 683 35
113 699 10
113 631 -6
113 193 0
114 524 13
114 415 29
114 294 -10
114 366 48
115 452 20
115 604 41
115 339 -8
115 108 31
116 659 -4
116 293 -10
116 473 47
116 727 9
117 334 45
117 585 5
117 299 27
117 597 25
118 122 11
118 580 26
118 551 41
118 419 2
119 672 12
119 321 41
119 406 20
119 197 15
120 181 31
120 543 22
120 357 30
120 310 23
121 407 -10
121 695 -5
121 444 43
121 128 33
122 20 7
122 334 1
122 388 29
122 720 27
123 77 12
123 239 -9
123 186 48
123 11 23
124 466 19
124 349 46
124 439 46
124 48 19
125 459 -7
125 328 -10
125 206 30
125 147 4
126 443 21
126 596 39
126 428 -3
126 700 38
127 467 10
127 167 12
127 516 3
127 149 42
128 701 -6
128 50 -6
128 487 47
128 430 10
129 162 32
129 533 45
129 658 37
129 490 -7
130 270 45
130 395 37
130 319 47
130 451 27
131 113 28
131 211 33
131 522 -4
131 410 15
132 187 25
132 280 23
132 24 47
132 420 27
133 30 -5
133 470 22
133 439 -4
133 193 12
134 681 43
134 515 -5
134 184 42
134 723 5
135 314 0
135 43 29
135 540 20
135 528 25
136 526 30
136 514 39
136 505 1
136 371 -2
137 691 40
137 326 11
137 123 19
137 414 33
138 55 10
138 578 23
138 626 30
138 14 -3
139 299 13
139 362 25
139 654 8
139 167 49
140 518 21
140 521 -7
140 221 46
140 569 47
141 699 1
141 581 27
141 33 43
141 53 40
142 530 32
142 500 35
142 538 -2
142 397 45
143 136 4
143 702 29
143 697 18
143 380 21
144 535 41
144 367 5
144 127 22
144 500 17
145 183 40
145 555 14
145 242 4
145 130 37
146 712 -10
146 496 -6
146 22 -3
146 232 31
147 10 2
147 168 37
147 253 46
147 695 14
148 334 45
148 413 0
148 199 8
148 313 4
149 112 -7
149 593 21
149 572 21
149 138 44
150 49 34
150 346 29
150 387 18
150 727 31
151 218 9
151 346 34
151 111 33
151 572 -4
152 513 21
152 588 10
152 163 28
152 88 6
153 110 29
153 606 26
153 595 34
153 231 38
154 292 47
154 128 16
154 503 -5
154 104 19
155 443 -2
155 201 48
155 83 40
155 129 12
156 329 47
156 389 -5
156 223 47
156 566 34
157 648 45
157 74 -9
157 360 47
157 495 13
158 389 4
158 215 -3
158 449 43
158 165 45
159 482 35
159 456 38
159 458 11
159 147 4
160 609 -7
160 337 22
160 331 31
160 231 -4
161 120 33
161 230 48
161 397 4
161 219 39
162 131 32
162 547 3
162 52 41
162 452 -3
163 245 36
163 668 7
163 545 12
163 610 -7
164 108 2
164 520 23
164 190 8
164 417 -1
165 682 16
165 417 13
165 254 31
165 79 25
166 151 48
166 632 -10
166 350 47
166 443 18
167 486 12
167 693 6
167 133 49
167 703 14
168 609 10
168 594 38
168 711 10
168 201 46
169 226 -10
169 272 -9
169 686 17
169 685 15
170 469 4
170 273 21
170 666 3
170 274 31
171 614 1
171 681 13
171 216 12
171 273 -1
172 366 41
172 511 34
172 211 -6
172 567 23
173 610 27
173 293 -9
173 514 22
173 243 30
174 146 14
174 459 -4
174 511 -9
174 538 2
175 345 18
175 27 -4
175 523 35
175 359 44
176 547 32
176 438 14
176 545 20
176 199 -4
177 680 29
177 591 45
177 459 23
177 464 27
178 65 21
178 681 17
178 347 22
178 619 5
179 693 26
179 302 8
179 163 33
179 618 48
180 376 25
180 284 43
180 224 -9
180 234 21
181 580 1
181 245 31
181 340 22
181 666 49
182 492 28
182 613 49
182 484 40
182 410 30
183 655 35
183 358 3
183 104 36
183 693 35
184 134 19
184 655 40
184 435 49
184 66 23
185 341 10
185 613 46
185 347 47
185 23 16
186 186 -1
186 389 15
186 298 33
186 503 5
187 90 34
187 16 40
187 551 10
187 589 20
188 234 48
188 513 36
188 204 30
188 27 -4
189 378 29
189 706 -10
189 697 -1
189 101 36
190 482 37
190 711 -4
190 649 46
190 237 47
191 702 38
191 394 38
191 270 32
191 517 25
192 16 -10
192 114 44
192 34 5
192 650 2
193 38 -7
193 105 43
193 167 17
193 483 46
194 182 34
194 666 -7
194 228 -5
194 613 46
195 208 25
195 264 15
195 240 -2
195 162 23
196 664 47
196 289 -8
196 455 37
196 489 -6
197 511 45
197 418 0
197 477 49
197 230 -6
198 668 24
198 636 47
198 670 32
198 652 17
199 358 -1
199 426 29
199 3 35
199 145 -4
200 107 26
200 247 32
200 557 6
200 488 -7
201 461 49
201 179 1
201 450 41
201 64 16
202 60 6
202 117 -4
202 713 3
202 307 48
203 372 46
203 62 -3
203 582 24
203 563 -5
204 306 -2
204 498 -8
204 185 26
204 339 30
205 395 15
205 676 41
205 393 -6
205 183 18
206 512 3
206 632 20
206 577 -10
206 466 -6
207 587 40
207 381 -5
207 107 24
207 257 21
208 690 -2
208 662 41
208 665 24
208 669 27
209 479 37
209 124 37
209 634 20
209 263 36
210 191 2
210 629 37
210 506 6
210 35 20
211 268 -4
211 248 18
211 376 25
211 465 23
212 350 26
212 200 27
212 429 43
212 121 32
213 538 -7
213 222 3
213 65 48
213 184 -6
214 567 16
214 582 5
214 36 3
214 312 0
215 529 14
215 552 42
215 294 13
215 439 21
216 221 45
216 602 17
216 117 -1
216 461 45
217 53 26
217 323 -4
217 519 1
217 29 6
218 582 20
218 79 41
218 185 42
218 614 -1
219 680 40
219 567 22
219 245 27
219 366 44
220 167 46
220 281 -1
220 395 43
220 12 14
221 354 3
221 350 47
221 206 36
221 91 16
222 294 16
222 4 1
222 535 3
222 461 30
223 420 42
223 137 11
223 638 41
223 639 10
224 439 40
224 406 -2
224 491 20
224 223 18
225 239 -5
225 66 -8
225 274 4
225 133 36
226 148 29
226 354 22
226 691 -2
226 308 -5
227 565 15
227 401 41
227 446 26
227 398 26
228 219 5
228 530 20
228 386 11
228 555 24
229 352 39
229 532 3
229 437 -9
229 128 28
230 247 48
230 237 38
230 281 14
230 87 47
231 130 37
231 156 7
231 123 2
231 445 30
232 532 3
232 45 49
232 84 28
232 680 8
233 268 15
233 464 -8
233 430 18
233 251 25
234 352 27
234 59 23
234 414 31
234 662 46
235 706 29
235 224 19
235 144 48
235 329 26
236 605 -1
236 373 -9
236 342 21
236 470 17
237 677 7
237 605 32
237 12 38
237 154 7
238 614 4
238 69 -7
238 33 27
238 188 44
239 624 0
239 538 49
239 280 -5
239 535 32
240 50 44
240 588 29
240 478 -7
240 5 45
241 467 5
241 79 -8
241 423 0
241 424 24
242 110 42
242 353 0
242 294 30
242 670 40
243 61 39
243 144 48
243 325 30
243 292 11
244 328 33
244 332 25
244 565 0
244 299 38
245 377 21
245 40 23
245 9 29
245 393 15
246 492 48
246 112 17
246 186 5
246 670 45
247 313 23
247 115 5
247 93 33
247 494 -1
248 368 4
248 548 2
248 698 35
248 382 11
249 69 34
249 23 15
249 56 1
249 329 -9
250 156 12
250 571 -3
250 180 32
250 417 17
251 143 31
251 636 11
251 153 -1
251 54 38
252 217 22
252 560 22
252 266 22
252 220 45
253 326 45
253 132 18
253 413 29
253 704 29
254 71 12
254 611 49
254 40 2
254 343 44
255 161 48
255 274 14
255 365 36
255 167 15
256 62 11
256 205 1
256 169 48
256 74 0
257 392 15
257 110 8
257 595 -10
257 586 1
258 448 23
258 449 13
258 661 19
258 665 42
259 408 19
259 142 40
259 247 29
259 318 -10
260 535 -1
260 555 29
260 283 -7
260 415 14
261 300 18
261 445 -1
261 264 37
261 47 42
262 130 49
262 106 49
262 604 36
262 180 -7
263 714 37
263 147 -4
263 333 5
263 462 32
264 562 25
264 717 -10
264 363 11
264 141 39
265 587 39
265 459 -10
265 638 38
265 164 -6
266 398 44
266 299 27
266 665 37
266 623 1
267 146 30
267 389 2
267 493 39
267 128 32
268 640 41
268 437 23
268 695 46
268 725 27
269 277 34
269 478 35
269 619 40
269 156 4
270 440 46
270 652 -5
270 1 3
270 605 5
271 425 8
271 704 -7
271 321 5
271 417 34
272 107 45
272 673 26
272 38 0
272 106 20
273 147 5
273 574 13
273 496 45
273 88 12
274 470 15
274 536 3
274 617 -5
274 311 33
275 656 26
275 673 28
275 75 35
275 356 -7
276 54 23
276 670 19
276 726 30
276 713 35
277 542 2
277 568 41
277 492 14
277 138 49
278 270 21
278 532 44
278 76 29
278 38 28
279 237 9
279 358 46
279 671 38
279 545 14
280 409 8
280 155 26
280 653 13
280 711 -1
281 646 3
281 33 1
281 32 43
281 599 -3
282 644 0
282 240 -10
282 246 20
282 198 22
283 323 45
283 299 -10
283 42 -1
283 240 -1
284 668 18
284 60 12
284 559 21
284 571 -9
285 665 31
285 477 15
285 660 7
285 418 11
286 509 -5
286 467 18
286 11 17
286 587 21
287 174 33
287 57 42
287 428 40
287 268 -4
288 625 1
288 339 3
288 388 21
288 146 3
289 376 37
289 241 28
289 206 36
289 116 39
290 534 36
290 312 5
290 374 29
290 387 2
291 81 37
291 398 28
291 352 0
291 113 29
292 367 10
292 693 27
292 14 2
292 132 -3
293 578 17
293 332 47
293 77 38
293 325 -3
294 226 19
294 82 10
294 80 20
294 351 34
295 625 46
295 382 17
295 459 36
295 100 32
296 278 23
296 575 -5
296 702 24
296 610 28
297 182 16
297 48 18
297 154 -3
297 337 17
298 118 7
298 560 35
298 727 30
298 618 38
299 502 39
299 275 16
299 594 20
299 669 31
300 312 10
300 644 -2
300 3 48
300 318 4
301 579 6
301 624 14
301 248 35
301 282 22
302 309 -9
302 95 22
302 194 -1
302 711 27
303 156 41
303 93 36
303 537 23
303 189 25
304 715 42
304 580 12
304 502 -9
304 295 43
305 543 3
305 127 45
305 103 -10
305 408 24
306 468 8
306 427 37
306 670 0
306 266 44
307 333 2
307 331 32
307 726 10
307 55 44
308 574 2
308 542 11
308 344 25
308 233 -5
309 601 14
309 21 5
309 125 17
309 347 11
310 556 23
310 132 27
310 627 6
310 493 47
311 614 41
311 502 18
311 73 26
311 321 29
312 0 -5
312 437 35
312 520 41
312 670 43
313 117 30
313 58 31
313 649 48
313 571 -1
314 105 45
314 450 0
314 660 6
314 528 25
315 147 24
315 601 9
315 337 11
315 424 15
316 130 -2
316 650 1
316 494 7
316 70 40
317 212 29
317 473 20
317 486 32
317 213 40
318 399 14
318 183 27
318 561 4
318 350 -4
319 565 42
319 369 26
319 296 42
319 645 6
320 208 30
320 590 13
320 392 25
320 655 -5
321 113 37
321 516 -9
321 563 -5
321 702 33
322 102 34
322 71 0
322 60 24
322 51 14
323 150 -6
323 28 29
323 114 33
323 650 42
324 506 41
324 139 -7
324 271 38
324 389 3
325 74 6
325 648 26
325 282 39
325 669 34
326 362 16
326 603 -6
326 271 45
326 567 42
327 397 7
327 276 39
327 617 36
327 218 11
328 132 25
328 391 46
328 120 2
328 264 16
329 646 -4
329 350 28
329 437 44
329 313 7
330 436 39
330 558 26
330 56 3
330 32 16
331 183 12
331 104 21
331 376 -2
331 700 14
332 679 25
332 0 41
332 587 13
332 657 15
333 486 -7
333 309 23
333 292 26
333 679 10
334 606 48
334 652 -8
334 395 30
334 337 24
335 136 -10
335 440 1
335 80 4
335 646 4
336 390 8
336 287 25
336 69 2
336 602 13
337 8 29
337 234 37
337 502 18
337 264 49
338 556 41
338 532 -9
338 593 37
338 197 27
339 445 31
339 217 18
339 565 4
339 466 49
340 12 0
340 534 37
340 704 -3
340 651 5
341 311 39
341 196 10
341 301 12
341 200 40
342 686 -8
342 480 13
342 675 -8
342 169 15
343 716 10
343 282 32
343 258 41
343 504 36
344 358 49
344 241 23
344 224 44
344 503 47
345 478 1
345 622 11
345 28 46
345 210 29
346 76 11
346 385 18
346 688 47
346 72 16
347 528 39
347 358 8
347 507 33
347 332 12
348 71 17
348 294 4
348 725 22
348 138 30
349 418 14
349 42 42
349 688 -3
349 32 14
350 694 -3
350 436 15
350 45 26
350 520 16
351 592 11
351 266 -3
351 660 24
351 361 16
352 321 9
352 273 37
352 236 13
352 423 -7
353 296 -7
353 297 25
353 249 22
353 701 -5
354 546 36
354 539 40
354 479 -5
354 707 49
355 582 18
355 354 46
355 563 6
355 315 12
356 444 24
356 416 19
356 550 11
356 337 23
357 25 35
357 242 19
357 439 10
357 629 18
358 302 39
358 537 28
358 191 -7
358 122 17
359 650 40
359 171 43
359 179 5
359 214 8
360 257 4
360 166 42
360 652 40
360 612 16
361 727 -3
361 121 36
361 183 1
361 715 -2
362 383 36
362 201 -9
362 413 33
362 10 47
363 698 -5
363 658 10
363 312 17
363 375 3
364 55 9
364 354 37
364 375 36
364 89 32
365 354 41
365 113 49
365 708 6
365 693 14
366 229 1
366 694 15
366 305 35
366 454 13
367 379 44
367 500 47
367 423 9
367 680 39
368 612 43
368 286 9
368 391 29
368 92 0
369 257 28
369 324 45
369 436 11
369 595 14
370 488 29
370 194 27
370 597 15
370 376 16
371 550 -9
371 499 30
371 87 42
371 580 27
372 263 -6
372 657 42
372 30 20
372 55 13
373 74 2
373 66 31
373 93 32
373 20 -8
374 100 36
374 454 28
374 674 20
374 450 26
375 362 -1
375 661 34
375 449 28
375 552 46
376 9 48
376 635 -4
376 194 39
376 437 34
377 653 8
377 41 27
377 518 -5
377 321 48
378 669 1
378 244 36
378 39 7
378 189 -3
379 171 -3
379 195 29
379 582 31
379 637 38
380 601 36
380 50 49
380 439 33
380 534 12
381 404 35
381 150 13
381 476 42
381 230 31
382 634 25
382 454 28
382 491 27
382 132 -8
383 87 32
383 429 1
383 404 25
383 447 -3
384 352 28
384 121 34
384 438 36
384 668 2
385 402 12
385 230 44
385 305 43
385 235 16
386 370 31
386 445 -5
386 302 42
386 384 -1
387 692 35
387 433 16
387 673 20
387 615 19
388 240 39
388 540 43
388 704 -2
388 728 46
389 13 -10
389 46 14
389 457 22
389 390 3
390 0 2
390 241 8
390 42 46
390 618 -6
391 136 -2
391 670 34
391 75 -6
391 616 10
392 264 23
392 203 2
392 408 17
392 171 -6
393 541 23
393 27 11
393 40 35
393 316 42
394 127 45
394 525 32
394 396 5
394 74 0
395 690 35
395 74 33
395 326 19
395 219 41
396 171 -1
396 123 38
396 291 46
396 208 42
397 122 45
397 530 22
397 460 49
397 661 47
398 373 28
398 455 -10
398 706 37
398 475 26
399 0 23
399 428 8
399 340 17
399 219 -7
400 190 44
400 517 -10
400 481 9
400 156 13
401 286 -5
401 390 -10
401 325 2
401 179 42
402 112 1
402 577 3
402 426 -10
402 194 10
403 564 20
403 532 30
403 602 5
403 248 29
404 295 -1
404 76 19
404 489 40
404 363 16
405 128 -10
405 557 -5
405 542 46
405 109 34
406 651 16
406 640 27
406 582 47
406 90 -7
407 259 25
407 572 9
407 254 28
407 236 3
408 212 9
408 337 -2
408 670 8
408 9 28
409 676 31
409 455 15
409 674 4
409 529 21
410 133 7
410 327 36
410 130 2
410 587 7
411 351 39
411 670 49
411 10 46
411 408 -6
412 144 36
412 583 0
412 34 -9
412 33 14
413 522 2
413 172 42
413 398 31
413 355 45
414 94 30
414 708 20
414 322 38
414 219 8
415 403 8
415 146 33
415 697 49
415 555 9
416 46 49
416 28 -6
416 622 41
416 210 43
417 195 26
417 452 29
417 233 13
417 254 15
418 363 21
418 598 47
418 341 14
418 1 1
419 451 -4
419 443 41
419 341 0
419 38 40
420 348 14
420 5 27
420 215 1
420 610 -7
421 703 -10
421 516 2
421 85 49
421 465 8
422 516 40
422 204 22
422 212 -2
422 519 35
423 285 10
423 16 47
423 725 14
423 699 8
424 502 24
424 321 40
424 352 46
424 144 28
425 613 22
425 244 6
425 701 28
425 61 28
426 609 28
426 390 45
426 71 31
426 465 30
427 170 -1
427 172 45
427 103 -4
427 303 -1
428 440 49
428 713 -7
428 498 22
428 204 -1
429 431 13
429 178 42
429 27 -6
429 600 5
430 447 -10
430 496 -6
430 172 6
430 287 9
431 123 36
431 686 45
431 486 6
431 555 27
432 569 3
432 123 44
432 235 48
432 292 45
433 414 35
433 62 9
433 496 21
433 292 36
434 315 48
434 523 5
434 152 28
434 728 44
435 637 12
435 541 14
435 357 12
435 543 34
436 319 44
436 339 4
436 714 36
436 206 -10
437 564 41
437 300 2
437 282 34
437 557 26
438 244 31
438 401 49
438 490 -8
438 640 13
439 499 3
439 107 -6
439 496 17
439 376 5
440 327 28
440 166 5
440 286 46
440 41 6
441 637 47
441 499 12
441 588 -9
441 197 45
442 17 8
442 725 -5
442 323 8
442 631 22
443 430 25
443 414 48
443 341 -5
443 463 37
444 249 -5
444 525 14
444 329 -6
444 185 12
445 135 10
445 198 48
445 544 2
445 497 31
446 623 48
446 559 29
446 358 36
446 144 42
447 173 36
447 238 10
447 272 -6
447 492 8
448 704 -3
448 310 2
448 191 39
448 516 30
449 266 16
449 337 0
449 487 -1
449 481 40
450 660 19
450 44 46
450 212 21
450 517 45
451 108 29
451 580 21
451 667 1
451 34 0
452 708 19
452 228 41
452 107 -4
452 369 49
453 265 13
453 383 1
453 202 7
453 256 29
454 258 32
454 692 -5
454 198 43
454 111 27
455 44 30
455 116 -8
455 644 35
455 600 17
456 633 40
456 273 37
456 650 41
456 547 15
457 531 1
457 117 -4
457 338 -7
457 54 28
458 425 40
458 193 11
458 468 35
458 56 46
459 671 15
459 417 28
459 703 49
459 513 8
460 323 -8
460 136 19
460 140 4
460 152 43
461 641 39
461 467 8
461 133 39
461 671 34
462 654 4
462 164 10
462 633 48
462 104 -1
463 118 42
463 325 8
463 277 16
463 123 21
464 376 43
464 443 28
464 203 38
464 313 -10
465 194 3
465 379 15
465 670 14
465 552 27
466 457 0
466 240 39
466 686 40
466 576 0
467 185 40
467 348 4
467 641 -2
467 349 25
468 680 -4
468 568 -5
468 661 23
468 543 -9
469 272 -1
469 462 0
469 503 49
469 174 25
470 100 35
470 262 30
470 280 -10
470 175 26
471 503 -4
471 467 34
471 544 17
471 494 26
472 418 7
472 87 38
472 268 41
472 196 41
473 518 11
473 72 18
473 32 1
473 581 23
474 602 -5
474 273 48
474 187 23
474 363 31
475 1 10
475 141 7
475 579 3
475 427 12
476 257 47
476 243 46
476 353 19
476 652 -5
477 600 16
477 227 12
477 43 -9
477 470 0
478 85 -2
478 524 46
478 105 49
478 253 7
479 545 -5
479 491 21
479 269 29
479 591 9
480 153 21
480 293 37
480 444 28
480 215 45
481 209 45
481 694 -5
481 254 43
481 568 30
482 343 35
482 13 48
482 120 2
482 257 -10
483 377 40
483 657 4
483 251 11
483 537 23
484 87 9
484 433 38
484 456 45
484 678 4
485 516 4
485 715 49
485 37 28
485 712 49
486 274 34
486 128 24
486 705 19
486 628 -9
487 683 49
487 713 12
487 95 12
487 387 37
488 64 26
488 329 26
488 691 9
488 25 25
489 528 33
489 465 25
489 614 18
489 579 31
490 258 36
490 276 16
490 535 23
490 2 2
491 478 38
491 207 -7
491 485 -3
491 105 17
492 110 18
492 587 46
492 383 6
492 457 0
493 4 26
493 325 25
493 674 -8
493 416 -9
494 697 17
494 70 15
494 130 21
494 500 -6
495 264 20
495 353 21
495 304 18
495 221 27
496 274 -9
496 555 35
496 607 24
496 372 39
497 184 -7
497 154 38
497 25 13
497 312 42
498 559 6
498 56 22
498 394 44
498 438 38
499 561 0
499 380 1
499 284 28
499 379 48
500 628 -1
500 518 -2
500 643 16
500 192 -8
501 142 -3
501 12 5
501 320 48
501 194 36
502 290 28
502 256 45
502 435 27
502 161 5
503 457 39
503 455 28
503 83 6
503 64 44
504 539 36
504 237 7
504 154 21
504 181 -10
505 436 36
505 167 -6
505 683 28
505 561 45
506 363 43
506 168 43
506 477 -9
506 581 43
507 519 11
507 217 25
507 476 17
507 58 16
508 123 27
508 406 28
508 650 41
508 446 22
509 186 41
509 363 24
509 624 28
509 292 2
510 542 2
510 225 45
510 399 39
510 266 41
511 608 27
511 241 46
511 440 28
511 255 6
512 250 13
512 465 33
512 385 42
512 201 -4
513 723 0
513 547 2
513 41 29
513 296 -4
514 613 33
514 335 29
514 472 1
514 539 48
515 610 9
515 577 33
515 67 32
515 389 34
516 355 28
516 62 4
516 185 14
516 691 39
517 484 12
517 143 27
517 680 36
517 591 39
518 387 20
518 612 41
518 621 29
518 378 31
519 429 -4
519 25 -3
519 564 45
519 37 39
520 623 40
520 505 -8
520 534 34
520 85 20
521 117 -7
521 240 23
521 295 17
521 310 -1
522 427 16
522 644 18
522 432 2
522 58 -2
523 726 20
523 501 21
523 611 49
523 71 2
524 534 15
524 394 0
524 119 20
524 36 24
525 292 32
525 670 48
525 678 25
525 610 25
526 587 14
526 227 26
526 607 -1
526 426 -7
527 724 47
527 486 15
527 5 47
527 476 1
528 320 29
528 718 37
528 198 38
528 580 -2
529 244 34
529 16 47
529 359 18
529 303 7
530 17 -1
530 88 19
530 46 9
530 707 44
531 398 40
531 120 18
531 386 12
531 351 33
532 235 35
532 486 4
532 232 -6
532 138 48
533 687 17
533 709 33
533 443 38
533 230 -9
534 76 9
534 432 22
534 226 42
534 700 34
535 475 12
535 480 20
535 138 -5
535 89 17
536 556 39
536 370 48
536 68 2
536 612 17
537 175 -7
537 283 32
537 238 32
537 340 4
538 688 18
538 211 9
538 95 12
538 42 9
539 247 35
539 660 20
539 218 17
539 655 29
540 125 42
540 517 30
540 669 20
540 104 30
541 196 30
541 120 16
541 165 29
541 425 -6
542 342 -5
542 40 24
542 444 38
542 399 -7
543 486 -8
543 688 26
543 513 0
543 669 4
544 723 40
544 551 -3
544 469 27
544 199 11
545 78 8
545 351 29
545 305 26
545 119 6
546 466 22
546 8 -1
546 267 25
546 361 48
547 531 2
547 68 -5
547 569 11
547 47 40
548 508 22
548 300 6
548 478 32
548 137 42
549 626 44
549 583 3
549 397 41
549 350 6
550 323 -4
550 412 -5
550 401 20
550 545 37
551 469 -2
551 695 14
551 319 22
551 4 30
552 577 32
552 527 4
552 634 3
552 454 5
553 484 8
553 627 -2
553 567 -2
553 433 -4
554 657 49
554 294 25
554 615 37
554 680 41
555 413 28
555 297 0
555 81 29
555 138 29
556 593 49
556 13 8
556 534 -5
556 71 3
557 503 5
557 500 27
557 600 26
557 250 23
558 48 5
558 360 49
558 333 -9
558 335 4
559 498 12
559 450 -3
559 564 -7
559 617 11
560 240 46
560 659 41
560 161 27
560 665 -4
561 101 12
561 423 49
561 667 37
561 254 49
562 15 45
562 63 37
562 98 4
562 379 24
563 152 48
563 22 2
563 674 17
563 719 48
564 683 -10
564 198 20
564 615 23
564 108 45
565 175 5
565 94 33
565 599 29
565 8 17
566 641 44
566 518 29
566 109 41
566 62 2
567 285 45
567 269 18
567 435 -8
567 294 13
568 196 21
568 213 49
568 467 -9
568 487 9
569 189 9
569 145 20
569 612 21
569 374 28
570 574 -10
570 130 14
570 226 33
570 662 -3
571 371 29
571 469 -1
571 259 11
571 489 -3
572 719 38
572 305 0
572 136 22
572 84 27
573 357 48
573 683 -2
573 582 2
573 597 45
574 672 45
574 424 49
574 695 -6
574 381 49
575 634 18
575 102 28
575 214 11
575 103 13
576 568 49
576 279 -2
576 423 -7
576 667 38
577 187 18
577 563 23
577 43 39
577 493 8
578 359 9
578 217 23
578 689 22
578 179 -5
579 596 27
579 313 18
579 27 15
579 694 -10
580 273 -1
580 146 -6
580 334 45
580 199 20
581 668 49
581 302 44
581 375 48
581 444 17
582 538 32
582 714 13
582 501 0
582 127 14
583 528 3
583 263 11
583 544 11
583 15 18
584 382 8
584 122 9
584 718 43
584 130 -10
585 624 27
585 330 25
585 469 45
585 524 45
586 384 23
586 663 -4
586 326 1
586 378 49
587 236 -6
587 85 -4
587 216 -8
587 690 -9
588 231 41
588 327 41
588 89 13
588 180 19
589 266 12
589 459 3
589 150 32
589 41 11
590 87 6
590 530 30
590 157 46
590 527 -7
591 629 47
591 575 10
591 628 20
591 178 30
592 722 -2
592 67 8
592 133 19
592 607 7
593 77 20
593 18 45
593 335 40
593 85 13
594 537 25
594 430 12
594 546 42
594 687 13
595 505 34
595 388 1
595 29 29
595 603 10
596 22 -1
596 66 -6
596 32 35
596 14 32
597 476 -4
597 280 32
597 440 48
597 140 10
598 392 9
598 298 34
598 527 3
598 555 18
599 418 12
599 488 47
599 173 23
599 598 43
600 32 8
600 315 18
600 65 11
600 523 6
601 525 7
601 442 -5
601 177 22
601 172 29
602 424 21
602 180 39
602 161 48
602 305 40
603 123 -2
603 495 16
603 189 -9
603 3 4
604 401 8
604 189 9
604 72 -1
604 362 22
605 674 16
605 547 1
605 284 34
605 623 33
606 613 20
606 237 2
606 532 44
606 592 -6
607 36 22
607 143 49
607 236 28
607 592 9
608 706 -2
608 634 47
608 196 39
608 423 -7
609 574 4
609 19 26
609 338 24
609 228 -9
610 138 46
610 15 -10
610 107 26
610 361 33
611 504 15
611 9 19
611 37 39
611 246 -2
612 458 -6
612 526 7
612 142 39
612 621 17
613 541 30
613 588 17
613 210 39
613 387 -8
614 297 32
614 632 43
614 561 15
614 493 17
615 349 43
615 55 9
615 341 33
615 240 30
616 557 29
616 309 32
616 642 14
616 617 11
617 89 46
617 449 17
617 68 -8
617 62 7
618 134 49
618 405 -9
618 225 17
618 161 43
619 511 7
619 355 17
619 6 7
619 139 48
620 377 32
620 544 -1
620 538 24
620 554 16
621 125 25
621 98 36
621 377 24
621 151 9
622 82 6
622 678 -4
622 639 28
622 475 34
623 402 9
623 372 10
623 375 5
623 717 -5
624 681 9
624 446 -2
624 425 -2
624 320 14
625 28 16
625 148 -1
625 440 22
625 574 34
626 506 7
626 724 15
626 723 29
626 106 31
627 98 45
627 408 48
627 167 -2
627 310 -2
628 707 45
628 73 29
628 465 30
628 287 49
629 567 22
629 594 42
629 583 40
629 269 -2
630 244 -6
630 659 32
630 424 49
630 391 20
631 334 9
631 152 44
631 589 2
631 646 4
632 351 0
632 328 3
632 389 21
632 571 46
633 255 6
633 87 33
633 702 -1
633 114 0
634 253 46
634 713 7
634 714 42
634 231 48
635 317 -10
635 134 2
635 225 24
635 291 23
636 172 49
636 38 47
636 221 42
636 312 -8
637 455 7
637 310 -8
637 258 47
637 3 20
638 692 18
638 499 49
638 671 10
638 461 43
639 646 36
639 272 16
639 143 -7
639 473 6
640 660 29
640 333 15
640 285 27
640 584 -1
641 271 21
641 142 30
641 469 18
641 312 41
642 195 24
642 474 1
642 402 3
642 207 -5
643 393 32
643 595 35
643 249 8
643 713 28
644 50 29
644 268 35
644 468 18
644 26 -3
645 201 0
645 35 -9
645 658 34
645 436 48
646 244 12
646 481 36
646 309 -3
646 535 17
647 19 -2
647 518 38
647 17 34
647 279 42
648 153 38
648 473 28
648 228 46
648 669 38
649 670 34
649 553 -10
649 448 24
649 248 26
650 63 8
650 477 1
650 361 13
650 71 44
651 647 33
651 298 36
651 674 22
651 379 8
652 525 -1
652 231 6
652 45 5
652 649 0
653 581 49
653 190 -6
653 485 23
653 100 24
654 267 -4
654 530 13
654 93 2
654 105 10
655 414 10
655 309 13
655 99 33
655 509 2
656 654 -5
656 397 12
656 698 19
656 40 -3
657 223 48
657 468 3
657 254 -7
657 93 32
658 676 35
658 96 43
658 67 20
658 221 35
659 306 2
659 648 -1
659 18 43
659 705 46
660 166 29
660 137 18
660 347 0
660 497 35
661 32 -2
661 710 11
661 165 -4
661 634 15
662 410 6
662 492 23
662 13 29
662 104 32
663 588 3
663 51 42
663 721 32
663 687 48
664 369 -1
664 383 19
664 597 28
664 610 10
665 580 0
665 262 38
665 1 21
665 694 15
666 44 33
666 239 -3
666 171 47
666 378 24
667 642 38
667 176 27
667 686 16
667 401 49
668 88 30
668 512 6
668 668 22
668 464 2
669 100 7
669 703 3
669 69 19
669 644 12
670 75 1
670 677 35
670 324 24
670 693 -4
671 344 8
671 180 -4
671 719 -9
671 169 45
672 407 -9
672 415 22
672 687 25
672 116 11
673 179 1
673 657 19
673 1 36
673 455 31
674 593 24
674 70 42
674 520 25
674 385 7
675 656 -10
675 338 15
675 8 -8
675 442 24
676 96 20
676 285 41
676 132 20
676 526 24
677 549 38
677 691 49
677 574 -1
677 449 25
678 649 48
678 192 43
678 511 12
678 725 35
679 277 37
679 104 30
679 549 35
679 560 4
680 96 16
680 227 13
680 248 39
680 106 43
681 5 42
681 241 -2
681 443 21
681 261 -2
682 241 5
682 96 25
682 198 28
682 8 47
683 5 31
683 124 16
683 41 27
683 37 41
684 208 38
684 159 -7
684 558 6
684 266 0
685 97 36
685 565 6
685 707 34
685 5 15
686 176 -1
686 69 5
686 237 21
686 26 27
687 476 -4
687 622 22
687 374 29
687 2 -8
688 13 26
688 313 0
688 587 -6
688 24 36
689 341 36
689 599 -10
689 191 45
689 409 30
690 93 13
690 125 -8
690 394 3
690 490 3
691 173 23
691 683 47
691 247 17
691 54 30
692 663 8
692 487 39
692 340 15
692 511 4
693 369 26
693 306 35
693 386 0
693 677 15
694 471 6
694 576 45
694 183 49
694 310 18
695 605 -7
695 420 20
695 299 28
695 458 46
696 507 49
696 45 40
696 300 27
696 607 18
697 654 26
697 676 31
697 345 28
697 672 20
698 446 24
698 570 31
698 326 -4
698 520 13
699 481 1
699 240 36
699 185 41
699 677 7
700 197 1
700 108 43
700 699 45
700 578 24
701 328 25
701 76 37
701 330 19
701 189 -10
702 726 29
702 281 40
702 566 43
702 622 4
703 83 -8
703 117 -6
703 42 39
703 108 18
704 497 -8
704 632 14
704 60 31
704 625 -9
705 93 44
705 87 37
705 349 46
705 414 7
706 674 12
706 178 31
706 394 29
706 54 27
707 533 4
707 321 24
707 483 5
707 265 17
708 100 -1
708 413 24
708 302 6
708 150 19
709 34 17
709 399 2
709 164 4
709 274 -10
710 498 -3
710 300 11
710 510 38
710 371 12
711 153 46
711 692 1
711 414 45
711 410 25
712 726 33
712 2 13
712 177 -8
712 673 49
713 354 29
713 269 12
713 11 28
713 91 -3
714 517 40
714 249 32
714 634 34
714 143 27
715 295 39
715 633 26
715 676 24
715 462 14
716 566 14
716 243 27
716 371 14
716 3 37
717 639 18
717 708 11
717 607 16
717 114 39
718 438 -10
718 657 13
718 234 42
718 59 37
719 236 -2
719 575 8
719 401 -7
719 274 38
720 112 18
720 92 39
720 594 41
720 251 16
721 587 13
721 107 -8
721 231 -10
721 526 27
722 79 25
722 261 42
722 716 31
722 12 24
723 99 25
723 515 24
723 661 3
723 357 43
724 698 28
724 258 9
724 303 41
724 547 36
725 12 15
725 69 -7
725 556 30
725 711 7
726 103 -4
726 284 11
726 319 30
726 554 46
727 117 20
727 18 14
727 86 45
727 429 -4
728 126 4
728 289 3
728 163 44
728 681 44
